%YAML:1.0
# All marker locations are fixed (f: 1)

marker_length: 0.1778
markers:
  - id: 0
    u: 1
    f: 1
    xyz: [2.0, 0.0, 0.0]
    rpy: [1.5707963267948966, 2.2204460492503126e-16, -1.5707963267948966]
  - id: 1
    u: 1
    f: 1
    xyz: [1.8477590650225735, 0.7653668647301796, 0.0]
    rpy: [1.5707963267948966, 2.2204460492503126e-16, -1.1780972450961724]
  - id: 2
    u: 1
    f: 1
    xyz: [1.4142135623730951, 1.414213562373095, 0.0]
    rpy: [1.5707963267948966, 2.2204460492503126e-16, -0.7853981633974484]
  - id: 3
    u: 1
    f: 1
    xyz: [0.7653668647301797, 1.8477590650225735, 0.0]
    rpy: [1.5707963267948966, 2.2204460492503126e-16, -0.39269908169872425]
  - id: 4
    u: 1
    f: 1
    xyz: [1.2246467991473532e-16, 2.0, 0.0]
    rpy: [1.5707963267948966, 2.2204460492503126e-16, -6.123233995736767e-17]
  - id: 5
    u: 1
    f: 1
    xyz: [-0.7653668647301795, 1.8477590650225735, 0.0]
    rpy: [1.5707963267948966, 2.2204460492503126e-16, 0.39269908169872414]
  - id: 6
    u: 1
    f: 1
    xyz: [-1.414213562373095, 1.4142135623730951, 0.0]
    rpy: [1.5707963267948966, 2.2204460492503126e-16, 0.7853981633974483]
  - id: 7
    u: 1
    f: 1
    xyz: [-1.8477590650225735, 0.7653668647301798, 0.0]
    rpy: [1.5707963267948966, 2.2204460492503126e-16, 1.1780972450961724]
  - id: 8
    u: 1
    f: 1
    xyz: [-2.0, 2.4492935982947064e-16, 0.0]
    rpy: [1.5707963267948966, 2.2204460492503126e-16, 1.5707963267948966]
  - id: 9
    u: 1
    f: 1
    xyz: [-1.8477590650225737, -0.7653668647301793, 0.0]
    rpy: [1.5707963267948966, 2.2204460492503126e-16, 1.9634954084936205]
  - id: 10
    u: 1
    f: 1
    xyz: [-1.4142135623730954, -1.414213562373095, 0.0]
    rpy: [1.5707963267948966, 2.220446049250313e-16, 2.356194490192345]
  - id: 11
    u: 1
    f: 1
    xyz: [-0.7653668647301807, -1.847759065022573, 0.0]
    rpy: [1.5707963267948966, 2.2204460492503126e-16, 2.7488935718910685]
  - id: 12
    u: 1
    f: 1
    xyz: [-3.6739403974420594e-16, -2.0, 0.0]
    rpy: [1.5707963267948966, 2.2204460492503126e-16, 3.141592653589793]
  - id: 13
    u: 1
    f: 1
    xyz: [0.76536686473018, -1.8477590650225733, 0.0]
    rpy: [1.5707963267948966, 2.2204460492503126e-16, -2.7488935718910685]
  - id: 14
    u: 1
    f: 1
    xyz: [1.4142135623730947, -1.4142135623730954, 0.0]
    rpy: [1.5707963267948966, 2.220446049250313e-16, -2.3561944901923453]
  - id: 15
    u: 1
    f: 1
    xyz: [1.847759065022573, -0.7653668647301808, 0.0]
    rpy: [1.5707963267948966, 2.2204460492503126e-16, -1.9634954084936214]
